local humanoidroot = Game.Players.LocalPlayer.Character.HumanoidRootPart

humanoidroot.CFrame = CFrame.new(-16.6661148, 137.947205, -565.994873, -0.2253429, 4.19125215e-08, 0.974279523, -3.81748011e-09, 1, -4.39019416e-08, -0.974279523, -1.36122837e-08, -0.2253429)

task.wait(0.5)

humanoidroot.CFrame = CFrame.new(-20.6661148, 137.947205, -565.994873, -0.2253429, 4.19125215e-08, 0.974279523, -3.81748011e-09, 1, -4.39019416e-08, -0.974279523, -1.36122837e-08, -0.2253429)

task.wait(0.5)

humanoidroot.CFrame = CFrame.new(71.3759003, 134.403931, -558.422974, -0.400229007, -9.44392298e-09, -0.916415155, 1.42103591e-08, 1, -1.65114251e-08, 0.916415155, -1.96309404e-08, -0.400229007)

task.wait(0.5)


humanoidroot.CFrame = CFrame.new(80.3759003, 134.403931, -558.422974, -0.400229007, -9.44392298e-09, -0.916415155, 1.42103591e-08, 1, -1.65114251e-08, 0.916415155, -1.96309404e-08, -0.400229007)

task.wait(0.5)

humanoidroot.CFrame = CFrame.new(369.492065, 149.747894, -739.267883, -0.965094626, 6.19339033e-08, -0.261901498, 4.0642739e-08, 1, 8.67112746e-08, 0.261901498, 7.30401908e-08, -0.965094626)

task.wait(0.5)

humanoidroot.CFrame = CFrame.new(369.492065, 149.747894, -726.267883, -0.965094626, 6.19339033e-08, -0.261901498, 4.0642739e-08, 1, 8.67112746e-08, 0.261901498, 7.30401908e-08, -0.965094626)

task.wait(0.5)

humanoidroot.CFrame = CFrame.new(453.728851, 159.087585, -855.741028, -0.1850622, -6.23954577e-08, -0.982726812, -3.78736438e-08, 1, -5.63599905e-08, 0.982726812, 2.67893405e-08, -0.1850622)

task.wait(0.5)

humanoidroot.CFrame = CFrame.new(463.728851, 159.087585, -855.741028, -0.1850622, -6.23954577e-08, -0.982726812, -3.78736438e-08, 1, -5.63599905e-08, 0.982726812, 2.67893405e-08, -0.1850622)
